Baka Mitai - Mitsuharu Fukuyama
bakamitai.wav
117.0 1.7 133

0 14.9006 15.0006
1 15.1033 15.2033
2 15.306 15.406
3 15.5087 15.6087
2 15.7114 15.8114
2 17.333 17.5357
3 17.7384 17.9411
2 18.1438 18.2438
2 18.5492 18.6492
1 18.7519 18.8519
1 18.9546 19.1574
2 21.3871 21.4871
1 21.5898 21.6898
2 21.7925 21.8925
0 23.0087 23.2114
1 23.4141 23.5141
3 23.8195 23.9195
2 24.2249 24.3249
0 24.6303 24.7303
1 25.0357 25.1357
1 25.2384 25.3384
2 25.4411 25.5411
1 27.8736 27.9736
2 28.0763 28.1763
1 28.279 28.379
2 30.306 30.406
3 30.7114 30.9141
2 31.1168 31.2168
1 31.5222 31.6222
0 31.9276 32.333
0 32.7384 32.8384
1 34.3601 34.4601
2 34.5628 34.6628
3 34.7655 34.8655
2 34.9682 35.0682
2 35.1709 35.2709
2 35.9817 36.0817
3 36.3871 36.9952
1 37.1979 37.806
1 38.0087 38.1087
0 38.2114 38.3114
0 38.4141 38.5141
1 41.2519 41.4546
2 41.6574 41.8601
3 42.0628 42.2655
0 42.6709 42.7709
0 43.6844 43.7844
3 44.0898 44.1898
2 44.4952 44.9006
2 45.306 45.7114
1 45.7114 45.8114
0 45.9141 46.0141
0 47.7384 47.9411
1 48.1438 48.3465
2 48.5492 48.7519
0 49.1574 49.9682
1 50.1709 50.3736
2 50.5763 50.6763
3 50.9817 51.0817
3 51.1844 51.2844
3 51.3871 51.4871
0 54.2249 54.4276
1 54.6303 54.7303
2 54.833 54.933
2 56.2519 56.6574
1 56.6574 56.8601
0 57.0628 57.4682
3 57.4682 58.0763
2 58.279 58.379
1 58.6844 58.7844
2 60.306 60.406
2 60.5087 60.6087
2 60.7114 60.8114
3 60.9141 61.0141
1 61.1168 61.2168
0 62.7384 62.8384
1 63.1438 63.5492
2 63.5492 64.3601
1 64.3601 65.5763
1 66.3871 66.4871
2 66.5898 66.6898
1 66.7925 66.8925
3 66.9952 67.6033
1 68.4141 68.5141
2 68.6168 68.7168
1 68.8195 69.4276
2 69.6303 69.833
3 70.0357 70.2384
1 70.4411 70.5411
0 70.6438 70.7438
0 70.8465 71.2519
2 72.8736 72.9736
0 73.279 73.379
1 73.4817 73.5817
0 74.9006 75.0006
0 75.1033 75.2033
1 75.306 75.406
3 76.1168 76.3195
0 76.5222 76.6222
2 76.9276 77.0276
1 77.1303 77.2303
1 77.333 77.7384
1 79.3601 79.4601
2 79.5628 79.6628
1 79.7655 79.8655
3 79.9682 80.5763
2 81.3871 81.4871
1 81.5898 81.6898
2 81.7925 81.9952
2 82.1979 82.4006
3 82.6033 83.2114
0 83.4141 83.5141
3 83.8195 84.2249
2 84.6303 85.2384
0 86.2519 86.3519
1 86.4546 86.5546
2 86.6574 86.7574
1 86.8601 86.9601
3 87.0628 87.2655
0 89.4952 89.5952
1 89.6979 89.7979
2 89.9006 90.0006
1 90.1033 90.2033
3 90.306 90.5087
3 92.333 92.433
2 92.5357 92.6357
1 92.7384 92.8384
2 92.9411 93.1438

