Mii Channel Theme - Kazumi Totaka
mii_channel.wav 
57.0 1.8 110

1 3.5 3.6
2 4.025 4.125
3 4.275 4.375
2 4.8 4.9
1 5.325 5.425
0 5.6 5.7
0 5.85 5.95
0 6.125 6.225

0 7.45 7.55
0 7.7 7.8
1 7.95 8.05
2 8.225 8.325
3 8.5 8.6
2 9.0 9.1
1 9.525 9.625
3 9.8 10.4
2 10.5625 10.6625
1 10.875 10.975

1 11.9 12.0
3 12.425 12.525
0 12.7 12.8
3 13.225 13.325
1 13.75 13.85
3 14.275 14.375
2 14.8 14.9
2 15.05 15.15
1 15.6 15.7
0 16.125 16.225
0 16.3875 16.4875
0 16.65 16.75
0 17.7 17.8
0 17.95 18.05
0 18.225 18.325

3 19.275 19.775
2 19.875 20.225
1 20.34 20.44
2 20.85 20.95
3 21.125 21.225
2 21.64 21.74
1 22.165 22.265
0 22.4275 22.5275
0 22.69 22.79
0 22.9525 23.0525
3 23.475 23.575
3 23.7375 23.8375
3 24.0 24.1
0 24.525 24.625
1 24.785 24.885
2 25.05 25.15
3 25.3125 25.4125
2 25.845 25.945
1 26.365 26.465
3 26.625 27.6
2 27.695 27.795

3 28.725 28.825
2 29.0 29.1
1 29.25 29.35
0 29.54 29.64
3 30.05 30.15
2 30.35 30.45
1 30.65 30.75
3 30.835 30.935
2 31.085 31.185
1 31.4 31.5
0 31.64 31.74
2 32.145 32.245
1 32.4 32.5
0 32.675 32.775
2 32.95 33.05
2 33.2125 33.3125
2 33.475 33.575
0 34.795 34.895
1 35.025 35.125
1 35.325 35.425
2 35.55 35.65
2 35.85 35.95
3 36.15 36.25

0 38.225 38.625
1 38.725 39.125
2 39.24 39.94
1 40.1 40.2
2 40.275 41.475
0 41.85 41.95
1 42.2 42.3
2 42.4 42.5
3 42.675 43.075
2 43.175 43.275 
1 43.5 44.1
0 44.225 44.325
1 44.5 46.4

1 46.625 46.925
2 47.115 47.415
3 47.65 48.35
2 48.45 48.55
1 48.685 50.185
1 50.285 50.385
0 50.575 50.675
1 50.78 50.88
3 51.05 51.55
2 51.6 51.7
1 51.925 52.525
2 52.65 52.75
0 52.925 53.625

0 53.725 53.825
0 53.975 54.075
2 54.25 54.35
0 54.8 54.9
1 55.015 55.115
1 55.275 55.375
1 55.535 55.635
